992251158159765504
1084373658745876480
812181186
1090276741329928194
553070692682723329
656305619268296704
657590181873094656
1090351571395899392
914961092698353664
4462049401
266014291373735936
298514976090501121
9236792067
1080104089277681664
1048898215662297088
1010968843865354240
1088212777385177088
1090495400752996352
1090418813483380736
1089996273527283713
1060189319808245760
951198457955586049
100010647806427136
684579304143982592
1087370849794097155
1086600521698426880
1045481324973346822
1035733676770951168
1083059976376066048
1087215762232827904
1081409195314999296
1087421146071515143
994412648249769986
1090717191173894146
1090720078721474560
1090355236261249024
1044765853147951104
1077762347362603009
1025728887433641984
595706691615924226
1088461823844720640
1082032226974330880
1076002868753137664
527553419637039104
578619575375241216
1084904343256662018
1058308246790959104
1091661466388889600
1090951982951612416
1090616854190718977
1090315646724907008
1091268552944951296
776480255733272576
997801714286723072
1084131570787762177
1033383646999334912
1090252704239235079
1085797827551227904
1057025086119657472
1088176696283619336
958123047923437569
957574335262273536
957570287868014592
1088713935803559936
1088094765953024000
1088014934611509248
1087996102408892417
56215316157571072
58359794020519936
32500356650897409
24856149526319104
1017020015424495617
1035451053368647680
935504654322069504
1071195058240671745
933772348314062848
1023647705460105216
1008018463103778816
1082883371049472001
1088537458210467840
1088377736266215424
1075390230990073858
1090676618190876677
769423300426539008
1062460338812215296
1072117899630919683
981897911452749825
1083526034262237184
1084712690638114816
946181675184254976
1086640433256644608
1020335679644020736
967909318250115072
1088705731178713088
1090287939798614016
1000357559717498881
1036406864068730880
1034209134067896320
1049943194228715520
881575283811381249
1046449149313470466
1047251865602285568
655146928972369924
223512489437048832
1039645518563950593
1079066916382216192
1084916389935230976
1086724578930450432
1086494472685346816
1079500780607062016
1044266489912659968
1048282388793577472
1051214334855131141
1091883529783382018
1081713873927852032
1091048058765365248
1090978871279828993
1090947826337632256
1022449156659589120
1086674479969984512
822494537218228225
1064623848543399936
1078732769298182145
1085915056976457728
797172808828747776
1073654445991518209
1071810544032800768
1068444264370184192
1074762446517092352
1083816438735884289
948242278400823296
862948736904962048
1014660589828935681
943543699652218880
1061716351365013504
1088971951648002049
975058441629773824
1076524083767140352
1076058635216830464
1069008258864750592
1039993772862578688
1091750275201740800
677935939562311680
1089976905946800128
1007291760542998528
420289727778934784
337521507775418368
1072962577637015554
1076887808210599936
1090603356417126400
1090958810078998528
1065425740617924608
563637341190123520
562226953114361857
1090008165444448256
1053783946830471168
1055089615332360192
1052328108898963456
1088136554407739392
1091318827504361472
1090915890739200000
1089923735413579776
969999311529500674
1085603148272676864
816204906180775936
1045026006271242243
323204360253345792
1020638805634822144
1039615095435874304
1033045194264981510
1032338960742264833
1088871745313038337
983324405462913024
990388295338201088
924440420893057024
151756242690375680
1087787147011215361
1082658794608431112
1080861536107880449
1079417602257154048
1067986549990727681
1038491906454503424
1031895955283628033
1025459424813572107
1078665402132123648
780977199230877697
780975702703210496
780975526668341248
1081576541853753344
1031944394692284416
1083177509624205312
1083470027733389312
1084368148281749504
1084352926498222080
1084337512334544899
1083547479478394880
1135165533807087616
1046059357346156545
966779769487544320
874298098196946948
1165533415439032321
1167538684104777728
1169890861477314562
1168959017034682375
630821886646206465
735256852590669825
692199238210600961
618814225633427456
862312726210777088
757312921751937024
701960608045002752
676823440746291200
1111718945608921088
1100826190582030336
1098650491440037888
1170423883561918469
1027077052753752064
1166813085522432002
1165853045432954880
1165309812344807424
1150845574645727232
1068208434816970752
1008361813262643200
943260907794247680
1151738735030964224
1138258742208815104
1013411024987459584
1158030454030839811
1081677826204540928
1010143065024139264
1164987200368340992
1164556018753257473
1164047264991477760
1147842925943877632
1147552140963065857
1146000770699071488
881221303809843201
905909840463224833
1154394196167602177
1167181535465889792
1025291634257416192
1057329160715165696
1165619704507097088
1141081665646841858
1107930641637801985
1002654111286906882
1003953774799486977
1005230623957684226
1054160798728232960
1169698124098605056
1165075990294515713
1053118850986692608
977756955287670784
1070427585639632897
851520173471404033
1010497939775639552
934242456647929856
893093220615323649
525080807590076416
413730793836793856
427195925686415360
1166845199248760842
1146540922806722563
1132771106698465281
1134696338246045696
1166833300545122305
965698893358030849
1044722118011887616
656204813500289024
503282285375152128
1169754622359166976
1160478002016333825
1158513477314654208
835225457188564992
835218108411428866
395917836993847297
367706240555560960
1112127111287005191
1037891209795182593
1034889115844653059
915398301134008320
901665350198194177
1101404870219751424
1112008827203919878
1088110531385483264
1067923961625874433
1060567333134102529
1047688415746187264
1155698435154219009
1154743415608938496
1154436480812687361
1105644608900526080
1134958327786627078
1114983285225132033
1166916470934315008
1169664077435740160
1166707085842821120
938490445382012928
1132825804415688709
1113613734981918721
1027942301476311040
1121426247282720770
1159480091036045313
1156583544417914880
938710843474284544
967095064223764481
1169892752626085893
1160338811802587136
1139688875830366208
1141109722235297792
1157316497875841024
1165937078686945280
1162739442215456768
1165319235918340096
832056852066267148
830932642640064517
999882959984340992
1108628440117374976
1093589514969366528
709385794922881024
873747846431989760
868831172310294530
857355629480038400
841043242539986949
997232304870318081
1128400747706617856
1059938218228043778
1170441930997678082
1169525729710792706
1154875363253788677
1154095492596264960
1169722454421528576
1163614349887455238
1067553749156208641
1098600624764137473
1094761366202781699
1094631788310392833
1170116067064274944
1170080819219697668
1166283929378349059
1117226723005870080
1116929524388835328
1166100045206306816
1158186958662844416
1153275994658283526
1128337607795064835
1111081938914340864
1111076950154584065
1165660963162509312
1155894920772804608
1168987143148068868
1168581869463642113
1170823313968570368
1170795643524276225
1147160856901365763
1050400397251235842
1043202421886005249
1039941766655426567
975019656682594304
947260327770644480
843115141013147652
1135183648506953728
1139169914776936448
1137786182765555713
1134190689972101120
568134863993344000
571580006444503040
897547032814129156
1170764655893057537
1133478201181839360
1122162295076003841
958814258745217024
893501183402422272
920383999733846019
1038837429241819136
1163732972144607232
1154699182030184449
1152103648505290752
1167725733973831681
1164910723174215680
261473720596561922
266797263840493568
278340376916541440
1167134837825654784
1152373847351390208
1022225146076168193
917384833780895751
1167656625601241090
1167943158048538624
1141468580845895681
1161436786129698816
1160350654000324608
1159992385226461184
1092801678271807489
804194574172389376
1160255810443862016
1147893202600562689
578116084131213312
554723624956227584
554053336107077633
506163197100191744
754070707735232513
754071876356468737
1169006836579782662
1170160937149587456
1170049909850025985
1168957055350300673
14209193198
20505341078
20936127691
1158245852219105281
1151497325585547265
1169559663408533504
1153972188522917888
1116289474147901440
1041962475518713856
1041963385066094592
1147946210248056833
1166941030970798080
681139540631924738
1134605563806007301
1154145877662900225
1145811429418831874
994394172600791040
980517427942477824
982149675393302528
979741075484135424
966674161992159234
1021537244979621888
1107826928621359108
1170353568509059073
1169483385233915904
1169390360155578368
1170862587518627842
1139379739934654466
1111446401081184256
1170748093047988224
1170747009273405441
1170429377634549765
1009012678264868869
903561708077285376
845370854120849408
896413165264801792
1049025328079953921
902528358147350530
1167167582480359427
1164211492012642304
1162830304178049025
1169763016465928192
1170101955269672962
1164336187600965634
1167185494876270592
1170781235729305600
1166818911104491521
1166326588331450368
705895840087478272
1063100155610710016
704735286505377793
703698985756667904
1098926303682723840
1170120700872548353
1160996006252744704
1169774926691061760
1168689958623727617
1167228770920488960
1166128031242448902
1150087173900853251
1150041218484776960
1149448370035068934
1148753832383569921
1156682641963438081
1160547091128733696
1169992873095376897
1142044271614332928
1114789131597549568
1088135837471174660
1111382064312418304
1106215039512559616
1101568729169584128
728392247172018176
898706466466443264
848422903314083840
815432995146448896
729036250452209664
713379483273846785
815081663298473984
810229933687640064
1085266238186627077
1048514959653720064
1007221821282930688
1160987531342688256
1159058607184519168
1108796646572347392
1009209703585509376
462035111538475008
156111371984048128
1158044011426394115
1158039950476136449
1158599049043480581
1148100338676916224
1085733821654360064
1143745375888691203
1022497054755627013
901590771740033024
899776999882842112
877373156998230017
1165662632860405761
1170421621473120258
1169935143890554881
1168545536141594624
1168152121604288513
1167333900798050305
1170547096862298113
1168248742438416385
643841521049927680
687325043559272448
644204562904014848
1038166042357493761
1027570007713243137
990966874614714368
1106288689091616768
1103332208566329344
1167134522661453824
1164301219977977869
1043581207169110016
972875764189319168
1170752354888704001
1170096857139339271
1170080260433616896
1139002736119123969
1169661883428663297
1169030492664057856
1167302646534832128
1153863450407428096
1169528796988477441
1169044493628321792
1167751481774223363
1144523337386868736
1150853693324980225
1147919648760848385
1133576469714653184
1170383491999182850
1165649660167491584
1127973040954851329
1169964765646655488
1169775992560373767
1169073855442444289
1154868566174269440
1164558319744212993
1147368759616843777
1167999495810011137
1167276558991679488
1168138560014290944
1150505168850415617
176124908319932417
176101459220369408
265986755465977856
1170255006265593856
1161385252431859712
573560218807742464
558707320184922112
526505241643352064
647621207567826944
958121117729701889
939972554957012992
736755507122176001
718294082188128257
849260752288591872
913215702982696961
1148329939894231041
1146468560065236992
1145890169238839297
1001958071781019648
1048465941355352064
1041814789415161856
1020022942980190208
1128056220491890688
1109257810120982528
1131233830637936640
1165451702268567553
1131923332641808384
1131576911925268483
1102768280186638338
1084310164566614017
1094448355336441857
1107813782682771458
1120755551519039493
1150971867869528065
1146156792382201861
1063015351443582976
1170317975351681024
1129797926216228864
1094871934595203073
1155891759320371205
1151058982347399168
1146783295599972352
736268690694381568
967771808966553602
831192572005642241
775953956748931072
1063011112818479105
1034089380661665793
997911918122762240
872520616666071041
1058203187868565505
1100630423661658112
1108865882011381760
1115467941045256192
1112987083193376768
1112824249226616832
809200415052951553
809686941826301952
795906200793595904
1169458054607364096
1135167731265916931
1132403539198775297
1157267274849562624
1135273650209398784
1127762033892573184
1095204237129203712
1082664329470709773
1073429841813389312
1108652473856806913
1090107547913203712
1086078409283821568
1035289326853214209
1050430922737233920
1026283544153337856
979395926447009794
1127196844361228290
1127183638158872576
1108933278348697602
1098393696352038912
1362876327
1510073582
1356772142
1333557067
1169203068858245120
1168960492746027009
1168612763146625024
1167897372510150663
1150283640200454144
1159671642395697152
515335156790726656
505836054617026560
512583260405518336
374663814928953344
960941980216971264
1101426589374578688
1010879552787185664
699598952811745280
676779525284347904
800092986562355200
741281798798364674
705839405462728704
731386608763600896
1169426297472159744
1007747766968254470
1004729888451055616
1016818925206568962
1151193220271038464
1158871759636107266
1130278079048368128
624183141192708097
666852796445003776
1025896539821142022
1100905730398248961
1084098914683219974
1079613328853368833
1092180044221480963
1100262922088005632
1105104578616442880
1169001968381104128
1169316997089226752
1169343891704705024
1152744737163620352
1155698754722369539
1169301065336086528
1168945592325857280
246431345549639680
245790152214073344
249234366591557632
208329099683446784
1021392450634633218
984999118438391809
1060720449598955530
559795438254297088
1149441084549763072
1149523658907369472
1147348024886214656
1170223634717261824
1170190256328642560
1170174054411776001
1066449387524685825
869457442089951232
848317610341134337
1130650191625957377
1154325022258946048
1134641638549200896
1130652461943992325
636084194670608388
629095787088117760
617913279952752640
1160432938347061249
1161471865610756098
1162222801081647105
1170855124413177856
1170138229317804032
1169034422596853760
1114682761204441088
1133462858061291520
1168268332811849730
1146901940921622528
1140085615163334656
1152037193160056833
944648513257959425
1135793596727271424
1151358733924147200
1134633369965408256
1169409540527407104
1169083400776540160
266035089681559552
264866365515644928
264520190686031872
1164645581416828928
1134329996980310016
1132284227259494400
208259133273673730
217167090971443202
216165717412823041
868666842717577216
38061960029409280
10517751122628609
1161913554280374272
1143412997982969856
1146549678726664193
1146550291745128449
1170400180937658372
1144770367048822784
1150293185509433344
604394311195738113
771298397399748609
1126769569463320576
1165623457935241216
1160026370451394560
1157862590095200258
1080207984725245952
1103076808084332544
1107513515596750849
1149760983943897088
1144329174884204545
1141404056063303680
1129149972832817153
642109770133073920
625401495014494209
1168216223626268672
857946691999281152
1150532361035100161
1138732159894806528
1033181807662039040
1069712438633873414
1046448481399910400
1024666542687092737
1038042591370067969
805237358002077696
797129338097385472
1080903997181947904
1080899896104767489
1080903498185596928
1032692711298686976
1072738307698819072
1168018764413038592
1164301865372139521
1142804075374735360
1168282714006532097
1164916717237231616
1163072393285382144
1134140570207756288
1141266191450816512
1144733414651809792
1151556810085736455
1165936565668995072
122097497119264768
500907106690551808
1149433581133058048
508392065516855296
1138187269628735488
1099454950516682752
1168469712973512704
1170818488816025601
1169284038324031489
1168826397059670016
1161377576918683648
1117074635831562240
975821845394997249
969054519010017280
1169182958269489152
1168797725053394944
1165964095243374592
1139184271053033472
1139058121391783936
1139058122687803392
1139029806312333312
929865471532208128
899866678229704704
887172483002052608
573264313294704643
671704135578886144
730374123659104256
791373246721581056
1009315962179514368
1014828273459703809
651319618674495488
927668780544733185
937064726743474177
954860374993580032
567724409499435008
560566842272796672
559112655039102976
1091754394121658373
1089790022038052864
982025814656110592
1036733763164807168
1038557428793655296
843103829553963009
885605376606879744
1042196917340405761
1018965776760475648
1015012268193517573
1090037203751890946
1087806700135043080
1079890184236421120
1064515050688471040
1048573817860366337
1047550721514774536
568113265701752832
446979976525795328
432849373475926016
431825176863715328
1090349428089806849
1090348330411020288
1090338909190610944
1043605496429785089
1073348433547792384
1079848768651100161
981188183043051520
972535784107659264
957208854856597507
1040912981759074304
1039187408359747584
1047514498695880704
1078312802438336512
873498865927901185
863481464826068995
815265650629283841
747119501632757760
715979446860255234
1085290221686718466
1042855916268343297
1047454308080517120
1088769198183120897
871004406422097920
1002159437786820608
1044867431762718721
972226186976821248
1080573198259892225
1091812767500242945
1088713575231823872
1082972037730193408
1086923834312323074
1086913833418002432
1061015678558310400
1019146044486144000
1035509639310454784
1016587025477177345
717806859562926080
533717249602109440
1016865695462805506
844261201483841536
1091596678363271170
1089138537377746944
1090007143523274752
1087114666009088001
1052539603889123328
1051923880233893889
1042148195080527872
1059949410048753665
1043161534967345152
1044251375750676480
920959520230268928
22873089527
18043830050
1081400991533064193
1091386849505890304
1089974821545422848
1013924152615538691
1019248636188942336
1019248045194731520
1018199710711107585
537717856721723392
830555987882942464
839593034782244864
1018525354250645504
995198843787579392
938004423225282560
546306135809331200
1091799602578313216
1086242383904280578
1091619348765126656
605092976474202112
283689273687949313
942434751578697730
1089475021817499648
1088931755313254400
1088926362314903552
1009189079651639301
1079008849842135040
1078008430256967681
1088127357603459072
1085233259573854209
1088806730442723329
1087288874404143104
1086217833489534978
1070454373187289088
1048008255316877313
1032728017209057281
1073048419692896257
1080882158254858240
1084488862259400707
1075391118601261057
1031512284051501056
1071049841785094145
827849009473662976
1082473671413911553
1089261291024330752
1083929258152640512
1079459751463919617
1063256008984838145
1081935259695042560
1091520651389747202
1089904539426279424
1087108298631872517
1082687250297610241
1091843709027594240
1087102940823736321
943977094224236544
1035745909232074754
895000470296698881
679750631238819840
879102475617402881
1023099934906744832
1040339697061511168
799921019473391617
777920587649916928
945415785811464192
1038350119001841664
968541292916625413
1087118107775254528
1064309955392614400
1048655672676630528
1009830764148678658
997043555175686146
1070116626811506688
1062680163069104128
1051972656415813633
1063188714334154753
1086530206100275200
1051644682084614145
1063338291217330178
1059450165432631296
1059059622269587458
1085914640998121472
1085914834435223557
963460062210641920
957341928131121157
1086629833671626753
1080972907524825088
1060278886678888449
880185666881163264
927334103904653314
900812538060967936
890998900118757377
1091163912115048449
1091125038147878915
1091106491707330561
1091067208007118849
1070753736316895233
1068215405943111680
1087728190318100481
1088181359242342401
1086634033071693824
1091376953448456192
1091098947223994368
1090685010850574336
183605447855587328
764971346585587716
705804458308067328
305405320270868480
685202794408742913
665198101263699968
744920549340635136
1084872599673425920
1086576110035451905
1091642148141842433
1090862790309539841
1090603743903666176
1090251977349570560
979411620949577729
1079407586053640192
1084520347590946817
1090675405202300928
1088507422270996481
1084944669765783553
883521520559169536
865196494604951552
741723501091037188
594610351410405378
379554268128088064
290249237025918976
1089649160859648005
1082413113876668416
1064656583303540736
1073039652389408768
590072305977528320
576517241614835712
595691495715434498
762705298561888256
763408282514034689
770019459302100993
1089320767203037184
1084610142950342656
1083557882866663424
1074209694963650560
1081277671609430017
1083399281803808773
1086239354425618432
1089764768859209728
1061413979598274560
1044434804610125824
675673531888312320
675773885246267392
848992598282964992
1085959701584642049
1090153819479162881
1088083351087403009
1089952494472572929
1090025648947712000
1090368086493093888
833788048227831809
790528961117847552
1030565669929136130
980872563298635777
476319297288290304
491361728715046912
966760952799678465
976165101316268032
977061863023435776
1089954217463349249
1083681824713424896
580761089610293249
803628866380107776
765284415656321024
1080234748205764613
1090317700738531329
1089266363414269955
1088884801480871936
1086545705081229313
1041938855530659840
1034116863985438720
981999605129908224
1062682577746755584
1062042111120498690
1061381694916300800
1036002752034422784
1082431045960638464
1037796611789926400
1072842826784722944
1081414937375780866
1074443118018064387
949709698864959489
923578813916868608
1090529043479449600
1072845027737526272
1050126681384443904
984887909378473985
966891445918449664
816780767938363392
1060267836185157633
1025370764877471745
946501229282242561
1070799118396739585
796259365405782017
1088711629532028928
1087035805976154113
886793072134291460
879766578727989248
280916321338785793
1084853952515059712
1069241125133828096
946539111690711042
433215741370716160
618704224658927619
673225771272372224
889917609927421956
1048327478614286336
1081448525399904263
1073852236134940672
1068248160034709504
1055288264096182272
1090851789560152064
1044000077734383616
1059473584945545217
1089568793477681152
1091527839822856193
1090567217610145792
1090623107906326528
26520307987
57203505454252033
57232414258372608
1064293778247245825
1050472812362813440
1066376859099832325
1063265632165203968
790021788495441926
653746962592870400
637423782051889153
1024995411663175681
998876817183428608
1034923490850353152
1082328959302406145
934071092439928832
943225995460534272
977558707637800961
980477778092011522
895950282038943744
885228940239007744
779216182687793152
758783011869626368
1059749655385382912
1091357158158094337
1091284841629470720
1086317190792519680
1085653317781344256
1080812086245187585
1054059795945308166
1045926105465655296
1045615378469199872
596242910510710784
578460236777959424
1083465602088472582
1090226551269048320
1083000592337981440
1081658952897781760
1039952236720340994
1023695455560105984
168117148508635136
234690299136458752
1074411470283141121
1024942280271179776
443074020435832834
455273151329734656
330214160459767810
986997503726891008
1080388856426442752
1076914233760247808
1028404404460945408
1014243578363539456
1083622492642652160
1081480791346069505
1066014623634202624
1033050953191227392
1032686188870680576
1075112046298103809
1076024031273537536
1045974936446218242
1060557569918468096
778974868343848960
906504507059826688
968764667903578112
945360985501716481
911856174911381505
911855986637492224
1075896651032727552
1073041536122871809
1085364164036485120
1088252955868811264
1085925434192089088
1091757858767679490
1090748594116853760
1091777157649625088
1057581798270648321
1020242550286897153
970974362244349952
1019154812099801088
1057261717854404608
1030037108482879488
1033035967584776192
1042091921882140672
885609736778985473
864892919848861696
1051448413697568768
1037053562910646272
1030070421549449217
1082896189253713920
1082756818525405185
1091308255316455424
1091598545201831936
1091392353783422977
1089555368932450310
1091461331084066816
1090400521826062336
1065885162074968065
1042664678122549248
1028005860868534276
1085586211991883777
1075964854488522752
1063206870603702273
260057419231670273
266043911875727360
265832588025937921
263308576456572928
1090578075656613888
1070655315513888769
1065877823859109888
1090853007967703040
1090852199574323200
1085326101252050945
1090676800706002944
1091372522657013761
1051258978498359296
1070593531348164608
1091444593848209408
1085651995262738444
1089974178428715013
1040553715302899713
1017146674274324480
1004440424713515010
1021465783942238213
995772522133164032
992864251357356034
1090448293451235328
1091837356469088258
1091448825250803712
1057986018790596614
1033110619384434688
1022095770797916160
1086277412722159616
1084942798783164417
1084174439535783938
1068837634422833152
1080410144016613376
1082274582210457602
1083345079765516288
900810189493895172
936235775213162498
969180938679783426
148893574082211840
253955928087465984
1089913187087073280
1087504791973097474
1076970598570577924
1074032018093170689
1067838212180242435
1086767456977383424
1082010096425680896
1079911448346800128
1089814596024762368
1087056774778236929
587741337887383552
870009290446090240
1012038561070305280
1006924180309397506
1068492625672630272
1005822536829960192
1078721434741035008
1090531163800768513
1089840004300460033
1089829802616541184
1033167065597796354
889602604912738304
815717476432547841
1067749834336190464
1064495735314571264
1029988345831718912
341124146320789504
555060520764866560
568525091031502848
790114037191303168
622545752917700608
740607778809597952
667995754653474816
817888554579873794
814098195466817537
803952042897264640
822033493186269184
609264513980997632
866971348668735488
1060177176148897793
1059955032769077251
1052269461288435712
1037442715401809940
1031619253923921921
1088359291986341888
1089525476484411392
1088371520001454080
879416328096014336
874697153796603908
872511650112430080
871356556595658752
1061572229111209984
1087818714546925570
614080205188108288
615632220196368385
935238730247475200
1091769017893834757
1089489503859953664
1086692496183222273
1089473746203746305
1083508274568351745
1083029545639428097
1088513523024621569
1090037880498593792
1085525159149293574
1059887267211370497
1061375187067772930
1066359947187892229
1067473240166023169
1090525684932534273
1086630248387698690
1090743544099364864
1090294023435284481
1089325151022444544
710606769727401985
699720496053665792
1060497374395686912
1012004946718453760
916581889716183040
1007267315275259907
1017522556394500096
916316959003893761
1088785243866365953
1091094968356257793
1090950009636433927
1089142748089851905
812004197604454401
728595469107122176
986280425843757056
980091707772502017
977515440715923456
1086581941250469888
1080550321297018881
1070699392896778241
1014251405555785728
992147834265853958
992088446616285185
1077194729018847233
1075637249541312512
1075503490577903629
1073363564935725056
1090296048118046721
1091810974124912645
1089577102322601984
871779548588888064
857153832370962432
804828528583864320
891502029134340096
789980222074552320
718877795963822080
812942404387012608
845913574312685568
840995468763049984
911516379555213312
1075306847551348736
1019596624350404608
197788389133647873
971600979492818944
296664482883727360
992893017928462337
837001336365338624
542781497238106112
486740871053053952
1089272790258208768
1088531997771919366
1088204969629626369
1087730744347295744
1049370208966791168
1085985606008782848
1082729404831354880
816072728088346625
1011719444052238337
1012357820916928512
1016699782356750336
1066738120371200001
1016253496084062208
1012226420209258496
876311551111647232
1067451059310866435
896733427088715778
858614106043150341
839931018303909888
1087850308850671616
1085336662408871936
1085353477839224832
1083126059820875776
1081499042947964935
1079108052257828864
1066088461101342721
1062987393492500480
995584666764742656
1038083520130887680
1092531189439700998
1091087629666394119
1090556452597612544
1039629073138548741
987704313366679553
757252764644802560
1000417644703617024
1086768592417378306
1046101113219547137
1041065281538408448
881324557461794822
878075379470041088
1068631089206517760
992151755680034817
1013916466905780224
1091887114365603840
787742076779761664
813925825951240192
1078530862944346113
1077088601484288000
1072217290295427073
1015165737135112193
1014824504151994368
912761062398685184
906859462383857670
823339638374875137
1070829539440422913
1059143940258041856
1042589748605464576
977357311286104069
1085200505683480576
1027538996707172353
1005998965857439744
247496190764146689
290562110411390977
290562547210407936
251873428766855168
1077190947912306689
1077868133438828544
855511831342968832
856308717133889536
623562844953550848
915021329828646912
926263903121797122
914616879959773184
807805861590548480
807803561492918273
948994841479995393
927900231764729856
918187984805130242
1068895720525217793
1068205914711343105
1063539236161372160
792010245199499264
784341285482016768
780882572389781504
1073317889267171328
124937327914139648
7658203168907264
25374803383
1070699769520107520
1053254653771726848
1058175919771279360
1065062903475261441
1046543823365697536
1074384716235649024
1069285878453940224
845500734007377921
843319562892431360
843315864082505728
866482344403841029
863094669424635906
440848256860704769
435421557628755968
431786129751154689
1073446852861673472
1074851091479638018
1075204175586197505
1081661383911952385
1080069226898092032
1087826981339713536
1088086913381060609
1022771525064318977
1009527352190275586
814975826974359552
813860068848304128
813859932177125376
1059472130864082945
1046791259963064321
1046800192777814020
1055651374694842368
1074113382180110337
1071092624713531395
1056307952238424067
190696267398131712
195799396141637632
196957031050125313
207848561935777793
967937861067706373
805528685998706688
1009283852265771008
913433759223083008
990728411369951232
504809086127702016
498203090009739265
1075156344968114177
1075537180670418944
1075536599956434944
1015349249872101376
1017950936847745024
1013285804121128960
950280472747126784
958845866940424192
1035879630950019072
1035657149316259840
1035879265106055168
1077103241152716800
1074244453664206853
1081655637803786241
1070826161989652480
860499136403079168
1082070756748595207
861993022547951616
864260417962553344
1046069426041356289
1005098012455161857
1075159698402353154
938950966178697216
1084618109636489216
1085037667316916224
1087326202124226560
1086800365545242624
1085650677815074816
1091442243997700096
1090334192511213569
1089703579147997184
1088983011666874370
1085746323226267649
1091117816592379906
1066110168683864064
702728532733075456
1046175415604146176
1033159482711236608
929526794096607232
973865819624132608
963851952290521088
1048243511395536897
1090675032261578753
1062821687941623813
1000801225250672645
1088685550209507328
1084270391093272577
941422959071293441
932162197672857600
929676101474848768
263712882355757056
1021880080895598594
294618748688691200
970485269664354304
874884434654367745
1066091904176189440
1062484365656100866
1020215538461495296
1091267828139753472
1090895217895428098
960693481336324096
1081343508932448258
1084394173367832576
1083276330068774914
905594975051800577
968897665340764161
976156566717194240
1025816338399481856
1025553862827171840
498292245586784257
499926012424364032
500419513037627392
1079842175289098240
1085220719452188672
1075248073255854081
1074870768805339142
1074859195193675776
1077008171728801792
1071958405483360257
1071096492566503424
1082111839390130176
1082075032434757633
1075553748225875969
1073080988207644672
1069811720175144963
757596873708404736
754994743168360448
1007372940025974784
1004498246683766785
199836958275547136
931921887667638273
931921659048660992
949680996500361216
1076840662228787200
1063183272212156416
1056457160434085888
1066151805036478465
1065464371881627649
1064330859594084353
1083447220064739328
1085226790552027136
1084188754301108224
1083690851027640320
1084281252314636288
1080860729723351041
1086022329518288897
1085215098208014336
1080883770918498305
841680098315128832
1000131185173987329
872951141117591556
1082758613972803590
1083475427312787456
1079581841571536896
1077999259432165376
1076154372088836097
634860418805157888
947092634899763201
917516943707594752
1083751315031891969
1043007397231394816
1085164618287382528
1061039072523808774
1086864429386321920
961586155287232513
1084262760647704578
1083889117019160608
1081573609875927040
1080626213453000711
1080080448880103424
1058880264846430208
638497793544466432
642374461539393538
1030669571135614976
752330657813131264
875072293671768068
1084636640755310592
1091532755043790849
1089452535553892354
938920546896670720
1088567977111404545
1081409671146164224
1089331024146980870
1062815802288676880
1088731090133512192
863659220142575616
835189065737699328
831685648272781313
406096902917484544
1073525282831785984
1075859924901613568
1087784367219531776
1081135146487685120
1079859959947554816
1082237752907845633
1035332727527100421
1084521206001397767
997581377360027653
990331188068913152
1091453605494829062
1083055468464033794
1084849474147704832
1001003070602563584
1060804214811545601
1064323052190613505
1073262761600114689
1074544390108983296
1023804215418908673
905762863494594565
874372202170286082
1079896468532723714
1085696440603619328
1077659677763227649
1077339015114829826
1088279029952724992
1090060628998406144
1089698906701791233
1091103950466629633
1090710860497108995
1083239872729616384
1085602263048114176
1085699785846374401
1023628848783601666
1019899523232092160
634241908827549696
625666667104747520
620476669678129152
616519424695140354
1070921447491678208
1077546685969154048
1061313618451488768
1043040889512189952
1066843062268088320
1051323345919082497
1047657700866252800
1007886410626555904
614519687586709504
1081402480057974784
1083292883006894080
1083932835000418304
1088125094457692171
1091543707944394752
1090280205002903553
1082060081863315457
1070297194761211906
1073917554207408130
1085414301974913024
1084594089469734912
1071689237047562240
1089247511875805185
1089350644392112128
1085628648114118656
947620698750668800
1025373826073284608
944012857385148417
941435408407318529
855261064040075264
993638354347610117
1041384545977815042
1091074195293958145
1042982722115784709
1048916119166308352
821746910323052545
947952025500651520
825998257969098752
821142817267445761
808414604648992769
800561902514376705
536993243343634433
799044684656103424
730932424377409536
1060201393884160000
178775696871653376
1088105739032248320
1088409916220542977
1091555211368374272
1084876930720165889
1057048834503782402
1085249940484431872
1080543878258802688
929590914011590656
644994695320485888
620012128657899520
793550268730318850
804402712880115713
818128806833754118
836979701155512320
746842237129076737
721028373368201217
748881992339562497
1068778074097897473
1018988292467879936
1019089545449443329
911273984137859072
869610141120909312
1071144616848699392
1067867718198665217
1085647957553082368
1024473650127351808
1083172844262043648
1083171589045346305
1029469103352885248
1089705751105495040
1085730990041919488
1083856866910842880
1082064989068906502
943315810956775424
907745262420013058
809607613038075905
1072670412419551232
844400597650558977
1079372592023257089
1043123023635730435
834912752326098944
1080637527214772226
1091391677854560257
860286202364211202
1039948275917508608
1062066053310746624
1079134465899749376
1088859206881443840
1081214887857086464
1079125634524229632
1089671070356000768
1089622222292029441
1089617981456478208
1089614803004506112
729861854411907073
740744482300141569
491562660148695042
1071149616018554880
1063226962418663424
981124769058828290
966080538426650624
1091078270525816833
890261087475699712
901154301606858753
809790968572628993
1080875306968408065
1081171389472800768
1078210961734021121
1031247390358077441
973773865917796352
973575876280487936
966483900548747266
1090322594023104512
1026162821141291008
978694322626400256
628780616964702208
1023241336462434304
1079471110926880768
1079458964235059206
1049464886776999936
1091116767341101056
1090838934995779584
1091103113581379584
1035602893657726976
1054458014575452160
1054594075893133312
782310167606026240
762430345409028096
1023657445694926848
1002013124432576512
1091122178974728192
1091120367253549056
1069443382676602881
1074726899278958592
1065097375482490880
1022908012288266240
591018609796845568
1063702574086402049
1081642404585848833
1077509684624613378
1086488042020503557
1013810568166195200
1080660559383547904
1073247232638349313
1072954778458644480
348284729939869696
350418436351991809
379373372423274496
1090351316314910720
1087501264374587392
1088891431119273984
1012618516501913600
612801910014373889
633263379830935552
632231837709021184
611215084535328768
1091051954682429453
1089931536844156928
1090516080794189824
1087845449434845184
1087835035909177344
1039340848624939008
1089655692972228608
1083174335580377088
1080657079461908480
1089321087362584577
1088573156674150400
1083098331218432004
1084631723953016838
1083745199795392512
1082035030489210886
436233609842655232
477270057446162432
451160085532667904
441692778334924800
928428762240204800
937498891427053568
943265143344963585
1087730892477526017
1091470190834081792
964656329351712769
916413971657306113
916563081412661248
914847017184190464
926448497829785601
914563646054895616
994263080279429120
1005158795985805313
999339919255527424
920135515827003392
936272841573617664
913401822152445963
913124615056248832
973302015127379969
1009488331066003456
973373448440438786
955917760542003201
1091424480797179904
1073390630192111617
1060025312459649024
1087252693901602817
1090821082226012160
1082381236675448832
4114271578
17832969219
2890375625
3080456864
1077338307464519681
1057550138066067457
965656941526700032
1091030359217709056
1090831467922550786
1090445638372855808
1090411352345190400
863840754153775104
877985808233385984
879883737760235520
882664345414643713
1000172964518690818
1043279362110447616
920283769755533313
951229319283691520
1030279824579981312
1024818306178580480
1012050401691160577
1001919135511609345
1088298450935005184
803035552853463040
1090343575164997634
980508277275578368
1056624749823098880
1038397056761716736
1020348137221869569
1086670771487997954
1063095629944160261
1001475298863583232
1090498299923034113
1090729671442878464
1090875029959540736
1091537175865245696
1046110642028118016
1085924143831437312
1091026064464379904
850777559591768064
819989687637069825
1086507701784530944
879138452234805248
881158430509207554
878239997865971712
1026827840447303680
972865416396791810
1082092431657578496
1705734191
1525960741
264414908614070272
1063175896398512128
1074196162092130304
1091177572107354113
1091023061556625408
1089710578497609728
1088971925546766337
1086206231650414592
784573730060197889
1091498340510912512
1091500389726248961
1084484766857117696
1085001742234734592
1087500054821249025
1014721643917332480
888795259295215616
732979729037283328
1004529111635775489
680977282203258880
704168208740257792
573345897351794688
1019330134346797056
1070808711856316417
1029560721523191808
1024163170795933696
847062876191780864
618429264606687232
402365061563297792
323367915070038016
993173755093508098
1029792113712615424
436367069865848832
398654139019698177
920594413440479232
918673623421927424
1084248477671002112
1090453387274059778
1059407905731035136
1091395169709158400
1063130256389931008
1070651479130820609
1046326522301370368
1076372490690154496
1076372707816677377
1010973196961673217
992401799507308544
991708584521191424
1077776387262550016
1079215860844244994
1069349959009517568
1055827980218482690
983556034991214592
1085102920562032640
1079791361388359680
1079215176581296128
1085386004670877696
1084567860154957824
1082457572156821504
1078797725687336960
1088990502765117441
1087596370880614400
906853970412310529
511821697108811776
982502718790160384
1016431561921744896
946725965278916610
1041984657133395969
1075063088569901057
1076966717237194752
1086717639487938561
1087096045538967552
1058158783606607872
1081553408899907585
1075335490851618816
1032134942455746560
1039288283631636480
996462305482289153
1067376554693410816
1044513932357095424
1026185084737658880
1003578253838307329
930021832148729856
1079715224276684800
1079821556816248833
1079478800965160964
625017963394019328
969858884541255680
926113402245844992
1085590762534912000
1090910681703088128
1089158156696121345
766921539396571137
1091289383490207744
1075169799133487104
1049669902204882945
993116583831785472
996525648855404544
1042092252057821186
1040867275983732736
230581998756966400
265908173918052352
739693988735791104
887975318874710016
498098603412303873
1065334789908176902
1071734098849345541
1047226700994699271
543819630843011072
538273530652426240
523181653242703872
252192141302980609
2409242157
2393933216
1063471540900175879
980518714360696832
1063471995998953472
1051825809873199105
1080525401938690053
1085099970460635136
1089111754842484736
1085976853058330624
1075918763671855104
1060103211829334016
1075476928533020674
660823199559602177
924134249879437312
759388254739243008
1091738884063535106
1091258751477342209
1091003148402130945
1077195959661137920
751962065447882752
1074772962857885696
768875426999574529
1074758875864293376
1058494639383158786
1049671224509521922
605841317537550337
821104113069031424
604021723265114112
1086625029268389889
1090041120132907009
1090648685321572352
1003736109363482631
1007549922537885697
1042549219079467008
1058859633224364032
595145907202580480
963316667110567936
880962292132851713
833080452776878080
746743912224690176
754772950574858240
1070828203076476928
1089981082240540674
1083375854204399618
1019671634557440000
1089280117489180673
1047491709674967040
850303617462652928
827207239928774657
820320235135844353
1021935288036323329
1008891356771647493
1047923525821059072
1081233587553386496
1078045646026928128
1074332027200122881
1078968124253372416
1091660427333906528
1090657003440099329
1090593189512335362
1066871907012751360
1091722214917967872
1004938821828595712
1091160765053239297
1091161018338824192
1090714290829619201
975385469004460032
984794608013070338
961040983550054400
960623460853735424
1068454991822798848
1084955588633743362
1050778660737884161
1090992343556255744
1090367092375908353
1089698466484367361
1089577737298288643
1086190457560973313
1084829755642384385
1076368489802317824
1088167010658340871
1087405351396405248
1052929610592210944
1040302813295861760
1044183388800905216
951740589464342530
602520174919426048
564561020971401217
1078727927209046022
915162123445161984
936179427020562434
583213903284408320
562190897782472705
875361156550070273
1091292890268135425
1003997274748391425
781684136742416384
590254553066577921
585572946418204673
541706640052224001
1082499638974918656
1066448906551271425
1059285085806120960
359568176842940417
370309915912716288
370998482443993088
401446130489516032
394295505943277568
10023158903
4652935904
1055801224325406720
1089851041049399296
1064202678081867777
1013321090511396864
1064282263490301954
1043239756459585537
1005567149916786691
840201830453915648
746306289421127680
793530973463973889
960617618246918144
961789508084813824
942398768632287232
933241026965155840
404008152166707200
1007249990232805376
874063736889376769
1081930468373729280
975801156978036741
1090904850236428288
1090902524217970688
1090653272560549888
1090648866523938816
1018960032870883328
1011367641683021824
1003924973415788544
1007186583597076480
1009722950528970752
1026192382298148870
1044638433816309762
1051282223494762496
1091090234606059520
1091749413394018305
1052697662296875009
1083123415408697345
930715278148866048
930715103388995585
923877825194717185
839890817892421633
932273675524558849
1005040949200916480
1081875820350791680
1076142866349649920
1090593829672177665
1088940236883877889
1088570857323196416
438050604934762497
479728594185629696
1070773069722120192
1065757656625934336
1088225127299514374
1062674232952438785
1037334213446520832
1018299790550061056
1078723005948313600
1030737308360822784
756695957287407620
1056670882402328579
699269614388297732
652871442065956864
1075916176054738945
1068563923467726848
975488898825678848
1028333436329709570
970442361095577600
970441225697406976
1040340205943906309
1038930964708294656
1038199845796937729
653873299290738688
538269139589431296
447172152878723072
1076113557861863425
1063445114419331076
1077434950792683520
806473860514254849
1071949887196069889
1002418940633583616
978701937213394946
1077627093666709505
1064670459466317824
1036191083259199491
1009189819057139712
1091491887217893376
1091705509797920768
1091495654348722176
58261052458156032
22637041722
14358095448
1079700522423238656
1051413328923373568
1051105235429666819
1035843946335952896
1091782800376848385
1088747165181243393
984039415172534273
969231134503723009
978812673151422464
930828267225059328
965721137173975054
557972065521659904
1056692891358089216
968766342093508608
839077790926405633
974917654556348416
1066414430311903234
1001932114571522048
408715989057290240
509747694349598721
536535381953769472
1074465726285508608
1056227311572283392
1042510773069787136
1043836635992010752
1050485213976023040
980601647511560192
1069978434581991424
1069790176728309760
1069984130983706626
1070020320508153856
1019547419728580608
1060600277055750151
997848500237979649
983221099570835456
1087075607723282434
1084570904196272131
1080444205154095105
820060534858911744
398578507590402048
534016037084471296
398940007307939840
398934463427903488
242256926136741888
862023263509237760
756276127170265091
730142439546204160
1068983956446593024
1074389139859083264
1056524690724929538
985091376030408704
1013508562016927745
958006235349086208
538720480895975426
335416499000971264
326454503970856960
1085885075697356800
1089471103775461376
1089260378570326017
1089133745058258945
968430879201812480
1052846589914570753
944543810410958848
1081295549997989888
952841867019898881
1086305266352701440
1091820820719116288
1090400535814041601
1088330813429739520
992543262501212160
971873003918315522
1072238813894885378
942321439394365440
1088456106588827648
1071848180839530496
349855218437066752
343274597866688514
340756194710937600
341674578109673472
940230365008027651
1083904184439717889
492709917032464385
482643308242825217
478250054835527680
462270960738246656
1068043543632060417
1068050126646796289
1068120584364658688
1078422619014266880
1089572813177004035
1084277834145824768
1053878743201206273
1085853589803753472
1091339554320248832
879013054498918400
1015351367806930945
954451414629134337
782907245306740736
805887943026114560
779120802696458240
1084128695541997568
1083391837296050176
633741436328898560
655787438418345984
1089692414359461888
1089673656156938240
1091397920581173249
1087401185261338624
1083709870661136385
794826651775434752
754415298049081349
690142180095168513
387271887149367298
888140498761908225
749386549473705985
953010590787756033
1090003019033391109
1078249098355068928
1074404056477638656
1090963446752075776
1062781279702261761
822366793033355265
722187341415215104
1121326445526179840
326045837706805248
1141756339057770496
1161871581108473856
856569953394335744
677961005637476356
693989874139967488
528598813741940736
826852306540847104
1115686276731158534
1170208782305173504
1161904547566149637
820815439328591872
1094778350562930689
562083935715590144
1170648903336828929
1114651192313958406
1168258463845244928
1170404792310669312
1170597335417655296
1147771741369974784
1091292223231135745
1170401544178667520
1158505247947526144
1154789496275329024
1034182760544526337
1050057915770507267
1016828616171249667
1169305391404109824
1168639851832532996
1168254206555426817
1161889047675117568
809489416356032512
815201571311075328
818175445824835587
815947118716289024
825842291269066752
878101298964348928
1097940562315890689
1093236175899250688
1128464515383869440
1121222309413642240
1166648369193897986
1166299602787676165
1164819599386271744
824920028684308480
917466193966931968
775834025814470656
964628526929334274
1017688977313288193
804388273967788032
804387328559026180
789238278562123776
85111234948640769
85112734408130560
996101102109167616
1157751426875105280
1155168744714493953
1147979481619062784
1146122419767259136
1073792361854103552
964484167730974721
946056006697701376
1158085786690052096
1163377426740785153
1163462864931360768
1167864436314361856
1133323396924747776
1114889077508255751
1100794784950771712
1164639118128746498
1163793681389776896
1160347299459076097
1159480194631122944
1162043776161988610
1162555876391215104
1162557648530825216
1163931996374163457
1092085828938072065
1153305987316629504
1136740431084101644
1090527670113394694
1170432071644397569
1049029166568542208
587694671989702657
1163158196250431490
1012095139123212288
952518326751825921
381829062203015168
341282029813522432
298907926674931712
723446167208599552
621824007759888384
597446130834747392
564205210458152960
1154390818544869390
1170693968272744449
1167733772630052864
1167053805986471940
958866151798222848
957433950359642112
1121631106174873606
1115778699138220032
1169248720845713408
1118530803582021632
1152286297417015296
1126476984555642884
765876455951699968
1064294762969264131
1164181194138968071
1165204927741931521
1171055380203487234
955455300697579521
954418425127940098
968105497109909504
788041671753797632
1174681019666096128
1173610012599574528
1172718315883716608
1166713661525757953
1176188749832736768
1175715909589184512
1147178816277815296
1176573259174830080
1176564868092239873
1169686223759323143
1128509127565742081
974867142662225920
699936290222055425
799274167082385409
1063058428552187904
1169289727868133380
1158706179176054787
1162837778125729793
701268207022116864
231110002801262594
226998056732745728
968602676748460032
1114471964578652160
1154473089469747201
1138790153726648320
1132007940582465537
1125309727595028481
1058266694072836096
1032518504916955136
1123689155333111814
1120914936262266881
1154047542872530944
1139597967445385216
536988720361390080
1166809053508579329
1028311077606576129
1040188941784084480
1173970775113719808
1174793670215774208
1174336951895412742
1168235917951328257
1157310482233143296
1068645054598836225
1061213123913412609
1004837445135929344
1172024522729562113
1157430084778827777
1151384431883632640
1171458499957493761
1172177710149451778
1169646878897725446
1159020906452140032
1164052119541964801
1156890453595361281
1153356815217958913
1149696134249627648
1174527157730709505
1174177894333128705
1169246321129209856
1150671126684688384
1137684608147951617
1122959045969743872
1115001797561679872
1176176213968248832
1175058807044661248
1176528055281623042
1176245140962385921
1152665515896332288
1172019881442775040
1171143598215258112
893594046731612164
923939141334773763
1167253264171229195
1160864303307808768
1158843129572843522
816475661472628736
815413520669941760
801880752790978560
1091467648465027072
1143244559511621632
1069538938212270080
1107294797667151872
1124156659167789056
1120413032616792065
1176660370255155201
1175121938336886784
1146621860001529857
1172643643934617602
1165665819453526016
1140787161161261056
1130312145944666112
1161827512747474945
1161838094506741761
1175879983904055297
458921413811109889
746141449532641280
694513067246424065
1170435974310125570
1175516644740874241
1175083368272289795
1174429328223784960
1150857318978002945
1167789447150280706
1145461842053128192
1158471391634702338
1056641937871118337
872778639150112768
1164428244915036160
1174416409125969928
1163037708073263104
773598679156531200
927651988518719489
1067275006898515968
1052813609766666242
1060404783000010752
925803720339795969
1068460023884451841
839594726416347149
1171432925369229312
1071829014807896069
1018889092312981504
612018415478247425
839937583991959554
906357764645179392
1110609703489495042
1125848287737782272
1166294916886085635
1172038199763451904
1171152314431938561
1170696409068130304
1057795952076038146
1035745783126155264
1022865145662500865
1021212749899214849
1173217223055482881
375863443087458304
355782494609612800
1051566778030219272
1087160092997357569
1099361594641911809
1160019515578601472
1145429738955001856
1112514322691956736
1151774870302285825
1109418252709568512
1157204012321710085
1160243623713284097
1162134361921282048
1161151419417858049
1139288509561413634
1168336772201353217
1176680270700920832
868104289494892544
909824103720288256
1176180317419429894
1176627707947442176
1175891564868100096
1170656189379743744
839516210844794880
663766307792396288
601492539498242049
630037005255229441
1112900964506394624
1086125852344094722
1173751256126504962
1170700891319676928
1172582110378545153
1151577498473439232
643145373293395968
1173160963505307648
795035000521584640
820039723775389696
819549038169223168
816386021105537029
1176444007532179458
1176176218653286400
1175319337747537920
1174713659790168064
1016785210875269130
1166442242669731847
1031414899799252992
1075757496310984704
1031415356034707456
1075760016504741888
1133044397455618049
1174643876864434176
1174240331082153984
1088290783592099840
1171508491619463168
1158580284360658944
1173377264224018432
1176316554373402625
1175906388062670848
1176542216153698306
1165661666052399107
1142420754983768066
1148147804860293120
1119773886202167296
1124410086800203776
1130936574424813568
1166941550569578497
1131074832089722880
904049660033204225
1079409771445436416
1079060564654112768
1070437120370708480
1069947045509808128
1152286752331182088
1163427129922641920
1157717456128892928
1155875364306128898
1151248028356894720
1176168008173129730
1176553448646598658
1175715813514498048
746639296640258048
817822745362919424
1169545697378672640
1163657469966651393
1159737692810293248
1059210025883877378
1117801319123828742
1125789268402683904
1144709087319531520
1174348777467056128
1174224124505464832
1173715452419366912
407079689338241024
407067785001717760
407073330895020032
1157998366904791041
1135920333737750530
880850684526178304
875801321017921536
867480651028672512
861597288858341376
1168274116119580674
1165279357222424577
1157956888362979328
1153235083727429632
1168990443247476738
1133128638357016576
1132375708888645632
266796311381172224
331343387317919745
1001013543464984576
1012757729985814528
1104801348355186689
1110324606986944512
1072962724789915649
1160557863040892928
1152147929542643712
1034002803944042497
1049782535016931328
943190579793547264
937719797768482817
1042981978830602241
1165385271745097728
1138448761510879232
1076463613030944769
1020344864729456640
1017150800253083648
1172079802502832128
1171072314802429952
1164590920517541894
1173464604602773504
1171118398895546368
1169098399406284800
1014242156784115712
962209929292603394
1093263681406861323
921521075695038465
745842214635511808
942218073913913344
884095049134485505
1175522226705227778
1175526376839008256
1093202171674460160
1100248910336016384
1107797918180880386
1122015721691676675
1130908474634903556
1130917724622864385
1133660268205170689
890248010566914048
852492199585615872
1073305263317377025
1057719193716559872
1049739473473417216
1169707901755318273
1176109758824275968
1176049657262354432
1175501808195833856
1172538601097355269
1152338250817781761
1162379006450327552
1158522087797121026
249095794177753088
973965942895140865
142509853930299392
142532009988857856
1017128246675214336
1165266595414827008
1153789839222833152
1132723965443616768
966434631338905601
857719660367802368
833410580111302656
725603220635193344
984136086975901699
908948193794076673
209694449566089216
208528687690301440
140212773018796032
182636963961126913
1153295376306364416
1152967375412748288
1146818350607151106
1135643772405129217
1152300021389225984
1134534924961062912
1133802727551537152
1127000703174565888
1176231095987253248
1176567297739231233
1175798414510084098
1175119427899154433
1176540623983108096
1176532612761808897
1176525505891225600
1176705928516780032
1174611883250331649
1173661155635732480
1142582472863039493
1159887539723018241
1136179549396512769
1145345772017393664
1145094260200476672
1170887565391433731
1098398131543310336
1056751513094316032
1014179712795475968
1005375801427144704
998946582836994048
539469983504683010
680296980585803782
639909420131074048
606404442636828672
1025398532180779008
1108685622430949376
424297777980796928
370907845111595009
1171709989385383937
1070291009597304832
1156827369434439680
1166485351990517765
1171458002894721024
1176703634849054723
1171535822614433793
1170858385811525633
1172348274730242056
1174192603023192066
1174899890377220097
537361029035225091
737303987498684416
945434245895421953
1162395109310259200
1157276404284907520
1075502208047833088
1073617793025761282
1071524972340879364
1160111442147860480
1047213232157593600
1144721109440507904
1170100485900161025
1171878682236989440
1162090993753186306
1173719045155295232
1171955496456216576
1170771256230240256
1137294659045249024
1159453444857577472
1159375514169159680
1146538709417889793
1174779210730278914
1150212546189844480
1134633949743976448
1086063322980597760
958534801736241152
960338953827176448
901989006027747329
1004826682975371264
1010877405228085248
833037420174123012
864549064158973952
887054107357433858
997311530126331904
1148108103658823680
1124872594971250691
1121231332619612160
463433008008400896
900410824468168705
268315284677472256
1142353329512767488
1141734423085404160
1141416763260854272
1165409976900358144
1169593040106917889
1168683084381900801
1158398386481127424
1157990373337305088
1154416353023074304
1174768158168608768
1174078971559870464
1170437470569168896
1176490879776894976
1175337633792307201
1174464858135437312
1025352023422783489
1051460958307135488
1113162166914428930
1164552874556297217
1158463860283756544
1157762836547981314
1153595512442019840
1174365234338902017
1174169520207998976
1173727594770051072
1166499095457992705
1151098618281168896
1151055306366967808
1144606867567599616
1129644495035932672
650688878131707904
638747789615329280
1052321757225476096
1055444202878836736
921478154866307075
821123367768125441
557270043633778688
560257466076647424
560490227165167616
1170403236039319553
1174829959279448066
1176641328773554176
1136205129659625472
1137905277267783681
1168288338052300802
1170805433176666112
1173280961276067843
1172413122071580672
829713334744338433
829713956063309824
1147701629191409665
1145059315411238912
1124502208760963072
1174404259791683584
1053002114094501888
1176470579769171968
1167601244548075526
1144560815191789568
961718779209187328
952874509505384450
951955289212899328
1138394525754417152
811960473323270144
753470832362549248
713638607291039745
1132207256186048512
1025683029195476993
1096752389011529728
1175911733225054208
1165043698675200007
1175646643376525312
1174446783084130304
1172266318189514752
1169087761023791104
1163276511744548864
1162370046854696960
1152216939919544320
1137190425993916416
646788893161852929
629643293719175168
1076143816770535425
1035453039241580544
1026394892300419073
978258852830416897
914312343416397824
1154823134882803712
1146203473098268673
908041148081602560
858736097903423488
972632242290855936
787592624869957632
695510839005212673
1095477327193165824
852278141057892355
1053443240819601409
1158452365177044995
1169699904966418433
1175244871927508992
1152451003037507584
1139754666948870145
1017717946121146368
980823448120385537
1052254567268679680
1030941786670354434
1093276998812790785
1142096471476641792
1086011871071821825
286309194301325314
1175701605385158657
1166053677603446784
1147178994493788161
1136971197785300992
1094393260985016325
1158640024570814464
1152234465932001280
1135864260456853504
1049335286524780545
1167179965273694209
1154699090468454402
1151028243664908290
1176113719950094338
1175494754886459393
1174477487633510402
1169770043028201473
1114929526306422785
1164254997724434432
1164238927315775490
1163904563147169798
681648727677865985
1066662848460402688
1065307242789068800
1064214883158425600
1175097141028675584
1173043075490467841
1137641897231564800
1173705658643963905
1171892595007664128
1169003006127423490
820474483379240961
820335112046911490
811351893654065153
1154717004542164992
1159778274786062336
1156056876678647813
1170384166917033984
1155792756763066368
1141984182077468673
1141362479433494528
1148977645016756225
1150808663600324609
1094402080796758016
1120444052506337287
1070484974195916801
1175064042932768769
1175137338545987584
1161696036601126912
1176549269265735680
1176215803261267975
1175534140877197312
253208710044864512
203223975948595200
238351556028821504
1176215515964092419
1144298913618436096
1163933245643341824
972230802007355400
961008598196412416
1126018303250522112
1126018479260180480
1126018797918248960
1108749949334929410
1111242424507138049
1114228600364863488
1117913533541257216
1176430795885547521
1176505185784467458
1176225963362988032
988220461002739712
692441911018287105
1171605237334822912
1158809976955199493
1171903660974116866
1161010410092470272
1160646276599504897
1147536178322845703
679073554575532033
647681378771992576
644528295741124608
1174825825138544641
1171649235630088194
1171402735565991937
1066454360811626496
1175492455598297088
1150498750940495878
1130958535490179072
709436602796404736
1117058913483075584
1093931630488678401
1091452245785362437
1175395426775834626
1175291880306876416
1170709262202486785
1174803409779732480
1171495406192054272
1062522319078412288
665281824755707907
1046803450414206977
1064208485376802817
1172122958384566272
1059587357777620992
1035409673761972224
1062784620448514049
1163665690932330497
686323601696534528
907065350226837504
1139227656690573314
805535500140511232
1116638284367704064
1176199160921563136
1115717519996747776
1149102965237714944
1129770121273192448
1115340776626692098
1150173737574117376
1142853217652563969
1104240712919511041
1168978316939988995
1168978321650192384
1168978326293295105
1168978328021295108
1166747652630839296
1146785440613031936
1138249336997810176
1176224116644417536
1176149588731924480
1175232772807503872
1124024664148279296
1106321474925838339
1176201164418887680
1169044472891621381
551573704753553408
20015249746825217
1172583793242210304
1172400067904299009
962625871688404993
914603644435214336
829836228342198272
894035349277683716
1112567230036918272
1073802951074959360
1176697031282364421
1154200829542522880
1044952254493724675
1044951726766346241
1010354011487199233
1132522680224276480
1037758507435651072
1028097493257646081
1175613512909037569
1171755013359771649
1171616461309317120
1128456354383966209
1123976187808763910
1018565164650713089
1107639837060939776
1017891364988772357
1168617020646207489
1175940961052037125
1164233928565305349
1129937165260136448
1116816529692164096
1064945336710504453
1039840505528545282
1053412335933636609
1047979145874079744
1047616775695859713
1163675547601387520
1176508599339757570
778921470831439873
776134137019109378
770984126161690624
756581670728400896
621463480000999425
1172964236986916866
1172765588760006656
1175473007705448448
1175032068482506753
1173401738520535040
1175583161360822272
1176615364559593474
1116553291561877504
1092232520547082241
1063982863463403521
1054144384722178048
848352239714525189
809457497203314688
1157927617099530240
1147995322297147392
1142905583059767301
178616625132605442
143042271389024256
762118208438595584
476807394932973568
504278756681199617
903159480145334272
939245162026487811
1175128986952843264
1174868085184126978
1168222525219856385
1053477857681264640
1149141189939073025
1147376451655626753
1104151641924820994
1091926613439275008
1043958785868550145
1113530390680092673
1119697802140033025
1141043201215750151
1123312907121582080
898198907607494656
890999827978489858
890831961996046336
1159150839237238784
1136108581453873153
1155881499259838464
1143540084530040832
1090390180463140864
1172828136066768902
1105219101050458112
1033005369386299392
1153194228614385665
1158614674402881536
1160252557584941056
1152706712161464320
1159549275300335618
1160580203564929024
1127775682241556480
1137444218664697856
922673416750034944
918414507881271296
936049212973707264
1137704237410988033
1176244519274242049
1105867253717839878
1175949413312864257
633978188104921088
618510927747489792
625005582479699968
88764056869158912
23603753106018305
742129652664127488
273281547522699264
604518535591772160
571707054399852544
1156635457259786245
1155417578212417536
1155025815920349184
1174889741910777858
1171476107083698180
1165484960037384192
1162810100232413184
1173695148133425152
1166361647004422147
909622109307068416
1175698293835407360
1175535569826439170
1174683300381843457
1174296993046421506
1175415263929536514
1161537597707051009
786911424421498884
1146638776141340672
1174558587252805632
1154499897866895360
1140790154908618752
1107711833908146176
1104049116244525058
1092065605119807488
1004108291973242880
1171503472182611969
1172619009554100224
1168995287886696449
938929283061268480
751263843116994561
955275402188021760
421702117876068352
714932871681744897
1166985485346123777
616256011716927488
606473247169904640
579750481922265089
1165197711609647104
1172834855362732046
1170400260348420096
1147857044797612032
1122258526150246400
1176900555383291904
1166804283490070528
1172274355696492550
1177704427639201794
1165274823490179072
1157646888130285569
1154499905626370048
1076943292468736000
1092033037142056961
1063951563700518913
1049945992307576833
1124764773688721409
1115260692557434883
653635088790499329
645294637901578240
630806145536532481
623938099534544896
416340857504403456
1155182523779100672
1066436316219523072
1028757576815665153
1177207863619571712
1177156863349153792
1176856636599799808
1174069279114891265
990598254772543488
985624727313055744
1008799081454620672
1126598704574734348
978289516170661888
1010845614433820672
1011319621511778311
1177563090583523328
1176590661488955392
982017311107354624
915227081012858880
1176938935634862081
1176167616299380736
1175870278561423361
1143566372091379712
1131094264274915329
1126055076404002816
1113135142372032515
1024712665850175488
1024519977867595776
1013050866234986496
1009688716737163264
1145420873123241985
1051784428148707328
1056592893962608640
1049298849221758977
1021167845416349696
1177638516915875840
1175838505584549890
1159501117031636992
1147555045778571264
1157245467668942848
722879025694273536
967322258845904896
1029737786490925057
1097927377735294978
1158380928877641728
1147534196170285056
1144690187844378626
1117286924085915650
1104821211417202688
1144534758111830016
1145740635250597888
1075855204241809409
984900385209974784
682300250753773570
1169574218272575490
1177564957954707456
909047509024165888
1177530233160949760
1177523809437540352
1150029368565075969
1153416071354998786
1170963500899942400
1170221636714455040
1170371513289256962
949415893565689856
1025033438003453952
1121804909475770370
914462547381817345
1146474421974179840
1141042817797697539
1131465588646318081
1142162549754015745
1142719368155021312
1143436019343286272
964907435570933760
1060008837003051008
980557364326780928
824000652032573441
790547355691024384
1173923980186718208
1177340439151747074
880193871724113920
880006094034272256
1174682821530701824
1174291829434605568
1174034923998646273
676364496902950912
406428109877956608
194379074527961088
399149825838436352
1159600885800062976
1128511685663313921
1090301893660807168
304605787324559361
1055166867155902470
989939206129639424
1029431158495428609
1159003505568313344
1171007683291418624
1066014040542064642
1158487759285342210
1168599847965986819
1172747090642046976
1131838725279887360
848981325088514049
857500401595281409
1177210480261304320
1177151012966207488
1176977791641931776
1177003271061409792
1175096275731197952
1174717557393285122
1174138647236554753
1177736820987179009
542530808724987904
1169978377652097024
944328923474776065
869385262303936512
904041738083463168
1138801538657333249
1130817089185484801
1140265822897807361
1112829185817444352
1015575549056610305
906628449204408320
763558941548773376
758402721166876672
1176472120496443393
1177325664208392192
1177276266686353415
1166449439566979079
1175148637892087808
1166828832407601152
1155994674500235265
1087824854500421633
1092224105514971136
1083318890388688896
1069105570026803202
1177077621185798144
1176999490764574721
1176845153165881344
1175881287594364928
1172825215983861760
1165715218229551105
1166431679763951616
1174260579755859968
1169940371260039168
1093491484559634436
1066066858158247937
1104766054398599168
1136682307329429504
1015092951125581825
963948302738784256
1013342096944660480
1007513480201670656
1174293474520313858
1174010966125817858
1177335976382930945
1173696212358373378
1175013077424713728
1176053812064391168
1171379603492999168
1157796664603828227
1168655303677763584
1167404162914619392
1170010479575613440
1177314218825134086
1175784455438553097
1175005229122818048
1147954207263199232
1164642158558830603
884162099483639814
1150903828709105664
1153118585767825408
1155583396342575104
1155855116357910528
1167020897057853441
1157029510308671488
1160334781151944704
1112278129509310464
1112108288412393478
1041277466470477830
1084533674018787330
1038003486665912322
1119333683318730752
1022344283704123392
1153465834121125888
1173362501603483650
1176861048667869185
1176788830613098496
1176781492292378624
575040577189842944
445385363042103297
510840249480908800
1127710999207993344
1146534262776258560
1043064292378066944
1098999018552619008
1074397184781475841
1122514698967101440
1065314262535602182
1058334533957963777
1063548369006706693
839214131014221824
1166826984275611648
1155195439689404417
1154527152848588801
1172129388021866496
1169320590781681664
1147257614197243910
1157123534163992577
1148591658650308608
1144463413797507073
1103953153295347712
1004331467613274113
987305929745031169
1175351195403194368
1175349021386379265
1174032887362084864
1175103954138619910
581521054876753921
577868722066432000
568513984648753152
1175001821343100928
1157616397394087936
1143081725574225920
1148162437167947776
1148326855805681664
1148627034450649093
1146433372807290880
1139832372923392000
1123575884366188544
1144440595898949632
1127711411369648128
1147739110586671104
1172138931598561281
1174386469626142721
175949147017461760
139480001115463680
1153967649048682497
1131854999246524416
1171093461111660546
1158305504575275009
1001168061272133635
880621198811508737
977938081805414400
1145291654926147586
1146574582272462853
1055962756380327937